0.0000    2.1892    0.14663
0.40404   1.9287    0.13962
0.80808   1.7926    0.13300
1.2121    1.6045    0.12675
1.6162    1.2705    0.12085
2.0202    1.4040    0.11529
2.4242    1.1855    0.11004
2.8283    1.2993    0.10510
3.2323    1.0850    0.10044
3.6364    1.0326    0.096055
4.0404    0.97743   0.091934
4.4444    0.82311   0.088061
4.8485    0.54100   0.084424
5.2525    0.63414   0.081013
5.6566    0.56934   0.077816
6.0606    0.62292   0.074824
6.4646    0.63881   0.072025
6.8687    0.47597   0.069410
7.2727    0.35773   0.066971
7.6768    0.39083   0.064697
8.0808    0.40086   0.062581
8.4848    0.34872   0.060614
8.8889    0.42119   0.058788
9.2929    0.35820   0.057096
9.6970    0.25181   0.055528
10.101    0.27971   0.054080
10.505    0.29961   0.052742
10.909    0.35313   0.051509
11.313    0.24650   0.050374
11.717    0.14240   0.049331
12.121    0.21375   0.048373
12.525    0.16427   0.047494
12.929    0.19423   0.046689
13.333    0.12749   0.045953
13.737    0.18068   0.045281
14.141    0.21228   0.044668
14.545    0.21602   0.044108
14.949    0.18708   0.043599
15.354    0.13794   0.043135
15.758    0.16230   0.042714
16.162    0.23818   0.042331
16.566    0.16278   0.041984
16.970    0.21095   0.041669
17.374    0.17005   0.041384
17.778    0.16686   0.041126
18.182    0.13756   0.040892
18.586    0.14768   0.040680
18.990    0.23543   0.040489
19.394    0.22323   0.040316
19.798    0.11108   0.040160
20.202    0.20339   0.040018
20.606    0.11335   0.039891
21.010    0.21177   0.039776
21.414    0.078506  0.039673
21.818    0.17568   0.039579
22.222    0.17577   0.039495
22.626    0.13278   0.039419
23.030    0.17002   0.039350
23.434    0.18715   0.039288
23.838    0.15528   0.039233
24.242    0.18653   0.039183
24.646    0.16807   0.039137
25.051    0.18098   0.039097
25.455    0.12438   0.039060
25.859    0.14120   0.039027
26.263    0.057252  0.038997
26.667    0.13368   0.038971
27.071    0.13032   0.038947
27.475    0.15950   0.038925
27.879    0.21773   0.038905
28.283    0.086941  0.038888
28.687    0.15393   0.038872
29.091    0.13961   0.038858
29.495    0.15895   0.038845
29.899    0.18923   0.038833
30.303    0.14920   0.038823
30.707    0.14824   0.038814
31.111    0.13199   0.038805
31.515    0.061413  0.038798
31.919    0.16419   0.038791
32.323    0.16452   0.038785
32.727    0.21677   0.038779
33.131    0.14133   0.038774
33.535    0.13022   0.038770
33.939    0.14704   0.038766
34.343    0.084110  0.038762
34.747    0.12583   0.038759
35.152    0.16847   0.038756
35.556    0.12864   0.038753
35.960    0.10437   0.038751
36.364    0.14458   0.038749
36.768    0.14684   0.038747
37.172    0.14086   0.038745
37.576     0.13403  0.038744
37.980    0.19673   0.038742
38.384    0.12123   0.038741
38.788    0.21352   0.038740
39.192    0.20885   0.038739
39.596    0.065110  0.038738
40.000    0.19182   0.038737
